YAZZ


MAX_ID 10
MODELS 10

MODEL 1
TEXT odin
STATES		4 o d i n
OBSERVATIONS	5 o a d i n
INITIAL
1.0	0.0	0.0	0.0
TRANSITION
0.75	0.25	0.0	0.0
0.0	0.5	0.5	0.0
0.0	0.0	0.75	0.25
0.0	0.0	0.0	1.0
EMISSION
0.5	0.5	0.0	0.0	0.0
0.0	0.0	1.0	0.0	0.0
0.0	0.0	0.0	1.0	0.0
0.0	0.0	0.0	0.0	1.0

MODEL 2
TEXT dva
STATES		3 d v a
OBSERVATIONS	3 d v a
INITIAL
1.0	0.0	0.0
TRANSITION
0.5	0.5	0.0
0.0	0.5	0.5
0.0	0.0	1.0
EMISSION
1.0	0.0	0.0
0.0	1.0	0.0
0.0	0.0	1.0

MODEL 3
TEXT tri
STATES		3 t r i
OBSERVATIONS	3 t r i
INITIAL
1.0	0.0	0.0
TRANSITION
0.5	0.5	0.0
0.0	0.5	0.5
0.0	0.0	1.0
EMISSION
1.0	0.0	0.0
0.0	1.0	0.0
0.0	0.0	1.0

MODEL 4
TEXT chetire
STATES		6 ch e t i r e
OBSERVATIONS	6 ch ae t i i-gluh r
INITIAL
1.0	0.0	0.0	0.0	0.0	0.0
TRANSITION
0.5	0.5	0.0	0.0	0.0	0.0
0.0	0.75	0.25	0.0	0.0	0.0
0.0	0.0	0.5	0.5	0.0	0.0
0.0	0.0	0.0	0.75	0.25	0.0
0.0	0.0	0.0	0.0	0.5	0.5
0.0	0.0	0.0	0.0	0.0	1.0
EMISSION
1.0	0.0	0.0	0.0	0.0	0.0
0.0	0.5	0.0	0.5	0.0	0.0
0.0	0.0	1.0	0.0	0.0	0.0
0.0	0.0	0.0	0.5	0.5	0.0
0.0	0.0	0.0	0.0	0.0	1.0
0.0	0.5	0.0	0.5	0.0	0.0
                 
MODEL 5
TEXT pyat
STATES		3 p ya t
OBSERVATIONS	3 p' a t'
INITIAL
1.0	0.0	0.0
TRANSITION
0.5	0.5	0.0
0.0	0.75	0.25
0.0	0.0	1.0
EMISSION
1.0	0.0	0.0
0.0	1.0	0.0
0.0	0.0	1.0

MODEL 6
TEXT shest
STATES		4 sh ae s t
OBSERVATIONS	4 sh ae s t'
INITIAL
1.0	0.0	0.0	0.0
TRANSITION
0.75	0.25	0.0	0.0
0.0	0.75	0.25	0.0
0.0	0.0	0.75	0.25
0.0	0.0	0.0	1.0
EMISSION
1.0	0.0	0.0	0.0
0.0	1.0	0.0	0.0
0.0	0.0	1.0	0.0
0.0	0.0	0.0	1.0

MODEL 7
TEXT sem
STATES		3 s e m
OBSERVATIONS	3 s ae m'
INITIAL
1.0	0.0	0.0
TRANSITION
0.75	0.25	0.0
0.0	0.75	0.25
0.0	0.0	1.0
EMISSION
0.0	0.0	0.0
0.0	0.0	0.0
0.0	0.0	0.0

MODEL 8
TEXT vosem
STATES		5 v o s e m
OBSERVATIONS	5 v o s' ae m'
INITIAL
1.0	0.0	0.0	0.0	0.0
TRANSITION
0.5	0.5	0.0	0.0	0.0
0.0	0.75	0.25	0.0	0.0
0.0	0.0	0.5	0.5	0.0
0.0	0.0	0.0	0.75	0.0
0.0	0.0	0.0	0.0	1.0
EMISSION
1.0	0.0	0.0	0.0	0.0
0.0	1.0	0.0	0.0	0.0
0.0	0.0	1.0	0.0	0.0
0.0	0.0	0.0	1.0	0.0
0.0	0.0	0.0	0.0	1.0

MODEL 9
TEXT devyat
STATES		5 d e v ya t
OBSERVATIONS	5 d' ae v' a t'
INITIAL
1.0	0.0	0.0	0.0	0.0
TRANSITION
0.5	0.5	0.0	0.0	0.0
0.0	0.75	0.25	0.0	0.0
0.0	0.0	0.5	0.5	0.0
0.0	0.0	0.0	0.75	0.25
0.0	0.0	0.0	0.0	1.0
EMISSION
1.0	0.0	0.0	0.0	0.0
0.0	1.0	0.0	0.0	0.0
0.0	0.0	1.0	0.0	0.0
0.0	0.0	0.0	1.0	0.0
0.0	0.0	0.0	0.0	1.0

MODEL 10
TEXT desyat
STATES		5 d e s ya t
OBSERVATIONS	5 d' ae s' a t'
INITIAL
1.0	0.0	0.0	0.0	0.0
TRANSITION
0.5	0.5	0.0	0.0	0.0
0.0	0.75	0.25	0.0	0.0
0.0	0.0	0.5	0.5	0.0
0.0	0.0	0.0	0.75	0.25
0.0	0.0	0.0	0.0	1.0
EMISSION
1.0	0.0	0.0	0.0	0.0
0.0	1.0	0.0	0.0	0.0
0.0	0.0	1.0	0.0	0.0
0.0	0.0	0.0	1.0	0.0
0.0	0.0	0.0	0.0	1.0


CODEBOOK 38
a 1
104.28, 2.7576, 3.14036, -10.9567, -3.2629, 3.08135, -2.35074, 0.0797733, -1.47165, 0.73895, 3.11577, 0.0355174

b 1
104.28, 2.7576, 3.14036, -10.9567, -3.2629, 3.08135, -2.35074, 0.0797733, -1.47165, 0.73895, 3.11577, 0.0355174

b' 1
104.28, 2.7576, 3.14036, -10.9567, -3.2629, 3.08135, -2.35074, 0.0797733, -1.47165, 0.73895, 3.11577, 0.0355174

v 1
104.28, 2.7576, 3.14036, -10.9567, -3.2629, 3.08135, -2.35074, 0.0797733, -1.47165, 0.73895, 3.11577, 0.0355174

v' 1
104.28, 2.7576, 3.14036, -10.9567, -3.2629, 3.08135, -2.35074, 0.0797733, -1.47165, 0.73895, 3.11577, 0.0355174

g 1
104.28, 2.7576, 3.14036, -10.9567, -3.2629, 3.08135, -2.35074, 0.0797733, -1.47165, 0.73895, 3.11577, 0.0355174

d 1
104.28, 2.7576, 3.14036, -10.9567, -3.2629, 3.08135, -2.35074, 0.0797733, -1.47165, 0.73895, 3.11577, 0.0355174

i-krat 1
104.28, 2.7576, 3.14036, -10.9567, -3.2629, 3.08135, -2.35074, 0.0797733, -1.47165, 0.73895, 3.11577, 0.0355174

ae 1
104.28, 2.7576, 3.14036, -10.9567, -3.2629, 3.08135, -2.35074, 0.0797733, -1.47165, 0.73895, 3.11577, 0.0355174

o 1
104.28, 2.7576, 3.14036, -10.9567, -3.2629, 3.08135, -2.35074, 0.0797733, -1.47165, 0.73895, 3.11577, 0.0355174

zh 1
104.28, 2.7576, 3.14036, -10.9567, -3.2629, 3.08135, -2.35074, 0.0797733, -1.47165, 0.73895, 3.11577, 0.0355174

z 1
104.28, 2.7576, 3.14036, -10.9567, -3.2629, 3.08135, -2.35074, 0.0797733, -1.47165, 0.73895, 3.11577, 0.0355174

i 1
104.28, 2.7576, 3.14036, -10.9567, -3.2629, 3.08135, -2.35074, 0.0797733, -1.47165, 0.73895, 3.11577, 0.0355174

k 1
104.28, 2.7576, 3.14036, -10.9567, -3.2629, 3.08135, -2.35074, 0.0797733, -1.47165, 0.73895, 3.11577, 0.0355174

k' 1
104.28, 2.7576, 3.14036, -10.9567, -3.2629, 3.08135, -2.35074, 0.0797733, -1.47165, 0.73895, 3.11577, 0.0355174

l 1
104.28, 2.7576, 3.14036, -10.9567, -3.2629, 3.08135, -2.35074, 0.0797733, -1.47165, 0.73895, 3.11577, 0.0355174

l' 1
104.28, 2.7576, 3.14036, -10.9567, -3.2629, 3.08135, -2.35074, 0.0797733, -1.47165, 0.73895, 3.11577, 0.0355174

m 1
104.28, 2.7576, 3.14036, -10.9567, -3.2629, 3.08135, -2.35074, 0.0797733, -1.47165, 0.73895, 3.11577, 0.0355174

m' 1
104.28, 2.7576, 3.14036, -10.9567, -3.2629, 3.08135, -2.35074, 0.0797733, -1.47165, 0.73895, 3.11577, 0.0355174

n 1
104.28, 2.7576, 3.14036, -10.9567, -3.2629, 3.08135, -2.35074, 0.0797733, -1.47165, 0.73895, 3.11577, 0.0355174

n' 1
104.28, 2.7576, 3.14036, -10.9567, -3.2629, 3.08135, -2.35074, 0.0797733, -1.47165, 0.73895, 3.11577, 0.0355174

o 1
104.28, 2.7576, 3.14036, -10.9567, -3.2629, 3.08135, -2.35074, 0.0797733, -1.47165, 0.73895, 3.11577, 0.0355174

p 1
104.28, 2.7576, 3.14036, -10.9567, -3.2629, 3.08135, -2.35074, 0.0797733, -1.47165, 0.73895, 3.11577, 0.0355174

p' 1
104.28, 2.7576, 3.14036, -10.9567, -3.2629, 3.08135, -2.35074, 0.0797733, -1.47165, 0.73895, 3.11577, 0.0355174

r 1
104.28, 2.7576, 3.14036, -10.9567, -3.2629, 3.08135, -2.35074, 0.0797733, -1.47165, 0.73895, 3.11577, 0.0355174

r' 1
104.28, 2.7576, 3.14036, -10.9567, -3.2629, 3.08135, -2.35074, 0.0797733, -1.47165, 0.73895, 3.11577, 0.0355174

s 1
104.28, 2.7576, 3.14036, -10.9567, -3.2629, 3.08135, -2.35074, 0.0797733, -1.47165, 0.73895, 3.11577, 0.0355174

s' 1
104.28, 2.7576, 3.14036, -10.9567, -3.2629, 3.08135, -2.35074, 0.0797733, -1.47165, 0.73895, 3.11577, 0.0355174

t 1
104.28, 2.7576, 3.14036, -10.9567, -3.2629, 3.08135, -2.35074, 0.0797733, -1.47165, 0.73895, 3.11577, 0.0355174

t' 1
104.28, 2.7576, 3.14036, -10.9567, -3.2629, 3.08135, -2.35074, 0.0797733, -1.47165, 0.73895, 3.11577, 0.0355174

y 1
104.28, 2.7576, 3.14036, -10.9567, -3.2629, 3.08135, -2.35074, 0.0797733, -1.47165, 0.73895, 3.11577, 0.0355174

f 1
104.28, 2.7576, 3.14036, -10.9567, -3.2629, 3.08135, -2.35074, 0.0797733, -1.47165, 0.73895, 3.11577, 0.0355174

h 1
104.28, 2.7576, 3.14036, -10.9567, -3.2629, 3.08135, -2.35074, 0.0797733, -1.47165, 0.73895, 3.11577, 0.0355174

ts 1
104.28, 2.7576, 3.14036, -10.9567, -3.2629, 3.08135, -2.35074, 0.0797733, -1.47165, 0.73895, 3.11577, 0.0355174

ch 1
104.28, 2.7576, 3.14036, -10.9567, -3.2629, 3.08135, -2.35074, 0.0797733, -1.47165, 0.73895, 3.11577, 0.0355174

sh 1
104.28, 2.7576, 3.14036, -10.9567, -3.2629, 3.08135, -2.35074, 0.0797733, -1.47165, 0.73895, 3.11577, 0.0355174

shch 1
104.28, 2.7576, 3.14036, -10.9567, -3.2629, 3.08135, -2.35074, 0.0797733, -1.47165, 0.73895, 3.11577, 0.0355174

i-gluh 1
104.28, 2.7576, 3.14036, -10.9567, -3.2629, 3.08135, -2.35074, 0.0797733, -1.47165, 0.73895, 3.11577, 0.0355174
